-0.19191205981971426
-0.2433896060259826
0.19106705813392247
-0.6778015335207526
0.3868027419184176
-0.029079256451680642
0.0030521589815920543
-0.2596020327490577
-0.009483967781377755
-1.2107394898278607
-0.5236560063166462
0.07052769929713984
-0.2646401810288421
0.4802305011842285
0.012846704293579984
-0.0177990370000821
0.6100459742363019
0.30782335038804587
0.32573318332032564
0.12671304905888672
0.0856262160972426
0.9687065801678236
-0.0800121611644354
-0.021248083900325558
0.016572453047619885
-0.005259633586058529
0.08897773337746229
0.5644845773713384
0.5175715644711505
2.410821484359046
-0.07125065120114377
0.23982855213406395
-1.25353753206809
0.2923980831065114
-0.004331286693347692
-0.5421594921835564
0.015640069387329453
0.0023012711936695887
-0.15296274133013626
0.03952557504640879
1.0413986893406273
0.1935124708756934
-0.38642436414294357
-0.011098749172710181
0.13095570877145687
-0.1138444895256927
0.16111898254481602
1.0969027390245247
-0.21184440388159909
-0.6350640763854571
-0.03333134229736783
0.6888876927063226
0.5105283959454168
0.5365176212659859
0.3939895869935479
-0.12502519823474811
0.6812889405141465
-0.5696248267019817
0.8195023449995422
-0.015552931304223827
-1.5244227870932971
-0.034086485593096114
0.3755694548329674
0.8474093432068164
0.017366764355489266
0.4808837505268161
0.060188300160805494
-0.07275428921733226
0.3940903762069519
0.7030724242976146
-0.6448839089491643
0.41978219588097965
-0.08938966633419244
0.02904657663516746
-0.7300756232391474
0.25416604202650367
0.3493041055308811
-0.8459869655879277
-0.004345968061991122
-0.054481728229216264
-0.0607097511798972
0.4681425424519867
-0.2244786728466459
-0.04212212840634323
0.06523075431701916
-0.4201553966071448
0.507211681001734
-1.313822712914481
-0.19108655956112386
0.040084814151985594
-0.10575556384895239
0.5268257474401682
0.01990252406648898
-0.39446259575591547
-0.050714270445881116
-0.5387009468695103
0.4051079862858857
0.3961351331441814
-0.6931393807180298
0.2759010113200925
0.18091115496684737
-0.05782217978279271
-0.6394909868001264
0.4816950814872955
0.12169257217337179
0.38079116573154703
-0.4353162807362651
0.06814935773515095
-0.03376835913162693
-0.3933791003434374
0.3706601218010545
0.3184216395796652
-0.7041389658528437
0.412185373399771
0.7635920903209007
0.651408086712168
-0.46645396146801754
0.4524550901523613
0.006814976397640423
-0.48389323455862343
0.2982118140257893
-0.38454784927128793
0.18662496468815867
-1.0960132293780123
0.10835516356463842
-0.37573854839014637
-0.3175598589140888
0.020383468170146524
-0.07232946483682673
-0.7450156434625289
-0.0066105530767729135
0.21384460861850213
0.020627308123066134
0.019258312776418117
0.6417345813585156
0.9938953072318065
0.08537697843138708
0.3637156167171893
-0.004260168444990628
0.0389229589278795
0.048947868431080815
-0.2131328901022848
-0.3466256591104742
0.39743196562798305
-0.036281439004314485
-0.510448950577488
-0.43967193563539225
-0.19000266614247613
0.8799741028454494
0.2292994874943282
0.1963594453590186
0.47360607249256914
-1.3086265370453498
0.016289906342618787
0.3269781654765849
0.031773517396049895
-0.487036155098767
-0.002929156919551014
-0.020430553021244777
-0.141168870881224
-0.026300400289053193
-0.09259593631967994
0.38902532929894035
0.4337223398252731
0.013275965379582602
-0.13110066684552596
-0.3982741236017293
0.18059212517330003
0.7810457007024458
-0.791736930186095
0.04609951395658007
-0.7957918187796421
0.007176968456393712
0.8067092615297408
-0.2663416278507265
0.006381265689326945
0.4632383357394493
0.6830892207332969
-0.010606988236472992
0.02256823981743886
-0.027682449752648088
0.8464907321133595
0.04643170421531475
0.0693115260329228
-0.03510809970247707
0.055705888288537904
0.01702953348157151
-0.0028603243011890056
-0.15014298701927836
-0.018834942964482546
-1.294316167497985
0.5060570292321396
0.25055207503161564
0.39409092442292126
0.15553651420581213
0.035743190425010604
-0.7053669094081202
-0.0028148514589923326
0.047641677669383264
0.027098573793552138
-0.969845971900219
0.4422732575357556
0.4990300848315489
-0.04680324849683173
-0.4946843958925657
0.002218296597249684
0.05344840934823365
0.6448411088034679
0.07852883802579326
0.3646103729554026
0.11422417534351421
0.3247869150305731
-0.7441621794269023
-0.16858066035626793
-0.004358155535189423
0.5143175292508584
-0.8012816084272969
-1.0433328576926642
0.04569327727543983
0.7627450273370766
-0.007088080587173192
0.3436636643092227
0.015527480058173178
0.28628740923656926
-0.013966170153606305
-0.006995580335970089
0.02720286494830636
-1.0906144715079469
-0.4860294509874128
0.009285371490657186
-0.670294461600926
-0.8063530870274419
0.4413270470833226
-0.004134928309754557
0.01975831720949682
-0.6412228165055487
0.2699686855352951
0.02210281972549189
-1.206075006874208
0.019778303458459375
0.40608245595887665
-0.025293762405338004
-1.0566245008851163
0.04998212303111947
0.011493598872611057
0.033984772895437
-0.10512589260916197
-0.013333918297770836
-0.08035324530634216
-8.162177986301539E-4
0.482215202619572
-0.5983449102359197
0.5277288292558984
0.044351696335395735
0.03417387070740314
-0.02730821166933564
0.014712108791212632
0.008267746651115015
-0.006956658885072565
-0.7753884352380619
0.7770073477661021
-0.09524609417093709
-0.012356034226335749
-0.04001145101482436
-0.04854597624574326
-0.22499171692301928
0.021033227509582662
0.286620560700952
-0.27216814542538376
-0.009310958854251702
-0.5513138983869706
1.2130389784948776
0.31485727448523937
0.013871170857028717
0.030487989456450537
0.007664609427047132
0.24365379687249494
0.03575325653537133
-0.24754015579203204
0.4440775979311923
0.018357590826911963
-0.626603161175547
-0.03389007407616276
-0.019341815921282056
-0.018040813312591664
-0.21491111874297675
0.6208932038104318
0.033176705648511044
-0.3665315545441369
0.8561757954997712
-0.010424200997213178
0.01
0.95
0.46847431205668644
0.15
0.55
0.5